student alone: acc 0.847  (153 ms, $0.0002)
opus5think alone: acc 0.823  (7800 ms, $0.0157)
  tau    escalated   acc   mean_ms   mean_$
  0.00       0.00   0.847       153   0.0002
  0.30       0.01   0.847       205   0.0003
  0.40       0.04   0.837       465   0.0008
  0.50       0.06   0.843       621   0.0011
  0.60       0.13   0.853      1193   0.0023
  0.70       0.18   0.850      1531   0.0030
  0.80       0.26   0.840      2155   0.0042
  0.90       0.41   0.833      3377   0.0067
  1.01       1.00   0.823      7953   0.0159
  oracle (escalate only errors, 0.15): acc 0.907
qwen32b alone: acc 0.693  (600 ms, $0.0008)
  tau    escalated   acc   mean_ms   mean_$
  0.00       0.00   0.847       153   0.0002
  0.30       0.01   0.843       157   0.0002
  0.40       0.04   0.830       177   0.0002
  0.50       0.06   0.830       189   0.0002
  0.60       0.13   0.820       233   0.0003
  0.70       0.18   0.810       259   0.0003
  0.80       0.26   0.780       307   0.0004
  0.90       0.41   0.737       401   0.0005
  1.01       1.00   0.693       753   0.0010
  oracle (escalate only errors, 0.15): acc 0.867
